0 Xx 0
1 H 0
2 He 0 1
3 Li 0 1 2
4 Be 0 1 2 3
5 B 0 1 2 3
6 C 0 1 2 3 4 5
7 N 0 1 2 3 4 5 6
8 O 0 1 2 3 4 5 6
9 F 0 1 2 3 4 5
10 Ne 0 1 2 3 4 5
11 Na 0 1 2 3 4 5
12 Mg 0 1 2 3 4 5
13 Al 0 1 2 3 4 5
14 Si 0 1 2 3 4 5
15 P 0 1 2 3 4 5
16 S 0 1 2 3 4 5
17 Cl 0 1 2 3 4
18 Ar 0 1 2 3 4
19 K 0 1 2 3 4
20 Ca 0 1 2 3 4 5 6 7 8
21 Sc 0 1 2 3 4 5 6 7 8
22 Ti 0 1 2 3 4 5 6 7 8
23 V 0 1 2 3 4 5 6 7 8
24 Cr 0 1 2 3 4 5 6 7 8
25 Mn 0 1 2 3 4 5 6 7 8
26 Fe 0 1 2 3 4 5 6 7 8
27 Co 0 1 2 3 4 5 6 7 8
28 Ni 0 1 2 3 4 5 6 7 8
29 Cu 0 1 2
30 Zn 0 1 2 3
31 Ga 0 1 2
32 Ge 0 1 2
33 As 0 1 2
34 Se 0 1 2
35 Br 0 1 2
36 Kr 0 1 2
37 Rb 0 1 2
38 Sr 0 1 2
39 Y 0 1 2
40 Zr 0 1 2
41 Nb 0 1 2
42 Mo 0 1 2
43 Tc 0 1 2
44 Ru 0 1 2
45 Rh 0 1 2
46 Pd 0 1 2
47 Ag 0 1 2
48 Cd 0 1 2
49 In 0 1 2
50 Sn 0 1 2
51 Sb 0 1 2
52 Te 0 1 2
53 I 0 1 2
54 Xe 0 1 2
55 Cs 0 1 2
56 Ba 0 1 2
57 La 0 1 2
58 Ce 0 1 2
59 Pr 0 1 2
60 Nd 0 1 2 3
61 Pm 0 1 2
62 Sm 0 1 2
63 Eu 0 1 2
64 Gd 0 1 2
65 Tb 0 1 2
66 Dy 0 1 2
67 Ho 0 1 2
68 Er 0 1 2
69 Tm 0 1 2
70 Yb 0 1 2
71 Lu 0 1 2
72 Hf 0 1 2
73 Ta 0 1 2
74 W 0 1 2
75 Re 0 1 2
76 Os 0 1 2
77 Ir 0 1 2
78 Pt 0 1 2
79 Au 0 1 2
80 Hg 0 1 2
81 Tl 0 1 2
82 Pb 0 1 2
83 Bi 0 1 2
84 Po 0 1 2
85 At 0 1 2
86 Rn 0 1 2
87 Fr 0 1 2
88 Ra 0 1 2
89 Ac 0 1 2
90 Th 0 1 2
91 Pa 0 1 2
92 U 0 1 2
93 Np 0 1 2
94 Pu 0 1 2
95 Am 0 1 2
96 Cm 0 1 2
97 Bk 0 1 2
98 Cf 0 1 2
99 Es 0 1 2
100 Fm 0
101 Md 0
102 No 0
103 Lr 0
104 Rf 0
105 Db 0
106 Sg 0
107 Bh 0
108 Hs 0
109 Mt 0
110 Ds 0
111 Rg 0
112 Cn 0
